0 0 0
0 1 0
0 2 0
0 3 0
0 4 0
0 5 0
0 6 0
0 7 0
0 8 0
0 9 0
0 10 0
0 11 0
0 12 0
0 13 0
0 14 0
0 15 0
0 16 0
0 17 0
0 18 0
0 19 0
0 20 0
0 21 0
0 22 0
0 23 0
0 24 0
0 25 0
0 26 0
0 27 0
0 28 0
0 29 0
0 30 0
0 31 0
0 32 0
0 33 0
0 34 0
0 35 0
0 36 0
0 37 0
0 38 0
0 39 0
0 40 0
0 41 0
0 42 0
0 43 0
0 44 0
0 45 0
0 46 0
0 47 0
0 48 0
0 49 0
0 50 0
0 51 0
0 52 0
1 0 0
1 1 0.61504
1 2 0.692953
1 3 0.748436
1 4 0.248878
1 5 0.642811
1 6 0.587146
1 7 0.439833
1 8 0.132939
1 9 0.875698
1 10 0.954039
1 11 0.980621
1 12 0.0726341
1 13 0.911557
1 14 0.658528
1 15 0.299936
1 16 0.208655
1 17 0.0437025
1 18 0.174718
1 19 0.413587
1 20 0
1 21 0.679769
1 22 0.797632
1 23 0.600635
1 24 0.504532
1 25 0.00589007
1 26 0
1 27 0.907041
1 28 0.354656
1 29 0.95877
1 30 0
1 31 0.605762
1 32 0.885891
1 33 0.0847804
1 34 0.762383
1 35 0.230506
1 36 0.85226
1 37 0.822169
1 38 0.166234
1 39 0
1 40 0
1 41 0.594775
1 42 0.760308
1 43 0.909848
1 44 0.0245064
1 45 0.986267
1 46 0
1 47 0.696829
1 48 0.738243
1 49 0.713218
1 50 0.134739
1 51 0.398511
1 52 0
2 0 0
2 1 0.818598
2 2 0
2 3 0
2 4 0
2 5 0
2 6 0
2 7 0
2 8 0
2 9 0
2 10 0
2 11 0
2 12 0
2 13 0.0350963
2 14 0
2 15 0
2 16 0
2 17 0
2 18 0
2 19 0
2 20 0
2 21 0.122684
2 22 0
2 23 0.646016
2 24 0
2 25 0.225379
2 26 0
2 27 0.017243
2 28 0
2 29 0.617512
2 30 0
2 31 0.691366
2 32 0
2 33 0
2 34 0
2 35 0
2 36 0
2 37 0.939299
2 38 0
2 39 0.00720237
2 40 0
2 41 0.207739
2 42 0
2 43 0.374859
2 44 0
2 45 0.121586
2 46 0
2 47 0
2 48 0
2 49 0.974578
2 50 0
2 51 0.123966
2 52 0
3 0 0
3 1 0.0874966
3 2 0
3 3 0.851894
3 4 0.423505
3 5 0.125431
3 6 0.23542
3 7 0.359264
3 8 0.823267
3 9 0.834376
3 10 0
3 11 0.362743
3 12 0.27958
3 13 0.962127
3 14 0
3 15 0.29841
3 16 0.588549
3 17 0.968963
3 18 0.131626
3 19 0.0632344
3 20 0.514756
3 21 0.405164
3 22 0
3 23 0.547349
3 24 0
3 25 0.535722
3 26 0
3 27 0.261025
3 28 0
3 29 0.708457
3 30 0.911557
3 31 0.919736
3 32 0
3 33 0.782617
3 34 0.812403
3 35 0.525529
3 36 0.505356
3 37 0.12775
3 38 0
3 39 0.31666
3 40 0
3 41 0.856502
3 42 0
3 43 0.5927
3 44 0
3 45 0.791101
3 46 0
3 47 0.0524613
3 48 0.965819
3 49 0.832026
3 50 0
3 51 0.818476
3 52 0
4 0 0
4 1 0.392376
4 2 0
4 3 0.7051
4 4 0
4 5 0
4 6 0.260842
4 7 0
4 8 0
4 9 0
4 10 0
4 11 0.82049
4 12 0
4 13 0
4 14 0
4 15 0.835353
4 16 0
4 17 0
4 18 0
4 19 0
4 20 0
4 21 0
4 22 0
4 23 0.0858181
4 24 0
4 25 0.819758
4 26 0
4 27 0.550066
4 28 0
4 29 0
4 30 0
4 31 0
4 32 0
4 33 0.898404
4 34 0
4 35 0
4 36 0
4 37 0
4 38 0
4 39 0.729301
4 40 0
4 41 0
4 42 0
4 43 0.627918
4 44 0
4 45 0.200995
4 46 0
4 47 0.846309
4 48 0
4 49 0
4 50 0
4 51 0
4 52 0
5 0 0
5 1 0.802637
5 2 0
5 3 0.799554
5 4 0
5 5 0.0834071
5 6 0.290231
5 7 0.347636
5 8 0.0828272
5 9 0.832301
5 10 0
5 11 0.187078
5 12 0
5 13 0.408307
5 14 0.102023
5 15 0.805567
5 16 0
5 17 0.270119
5 18 0.863552
5 19 0.484848
5 20 0
5 21 0.827967
5 22 0.44264
5 23 0.370952
5 24 0
5 25 0.655171
5 26 0
5 27 0.936644
5 28 0
5 29 0.165929
5 30 0.328562
5 31 0.573687
5 32 0
5 33 0.285165
5 34 0.372295
5 35 0.260201
5 36 0
5 37 0.206732
5 38 0.861934
5 39 0.935026
5 40 0.530839
5 41 0.00479141
5 42 0.179144
5 43 0.226142
5 44 0
5 45 0.798334
5 46 0.172246
5 47 0.588977
5 48 0
5 49 0.793207
5 50 0.108036
5 51 0.00933866
5 52 0
6 0 0
6 1 0.382672
6 2 0
6 3 0.686636
6 4 0
6 5 0.0357067
6 6 0
6 7 0
6 8 0
6 9 0.107456
6 10 0
6 11 0.329447
6 12 0
6 13 0.468581
6 14 0
6 15 0
6 16 0
6 17 0
6 18 0
6 19 0.786004
6 20 0
6 21 0.679525
6 22 0
6 23 0.810663
6 24 0
6 25 0
6 26 0
6 27 0.434797
6 28 0
6 29 0.651875
6 30 0
6 31 0.806024
6 32 0
6 33 0
6 34 0
6 35 0.206336
6 36 0
6 37 0
6 38 0
6 39 0
6 40 0
6 41 0
6 42 0
6 43 0.0805078
6 44 0
6 45 0
6 46 0
6 47 0
6 48 0
6 49 0.741813
6 50 0
6 51 0.878628
6 52 0
7 0 0
7 1 0.689657
7 2 0.341807
7 3 0.380993
7 4 0
7 5 0.0220649
7 6 0.0859096
7 7 0.643513
7 8 0
7 9 0.0921049
7 10 0
7 11 0.776147
7 12 0
7 13 0.952391
7 14 0.285226
7 15 0.563005
7 16 0.818171
7 17 0.534776
7 18 0
7 19 0.196112
7 20 0
7 21 0.506455
7 22 0
7 23 0.00814844
7 24 0
7 25 0.757286
7 26 0.590533
7 27 0.819147
7 28 0
7 29 0.537522
7 30 0
7 31 0.901791
7 32 0.554857
7 33 0.945463
7 34 0
7 35 0.462172
7 36 0.133
7 37 0.0974761
7 38 0
7 39 0.852748
7 40 0.402051
7 41 0.525315
7 42 0
7 43 0.693045
7 44 0
7 45 0.524155
7 46 0.687582
7 47 0.748039
7 48 0.851558
7 49 0.375164
7 50 0
7 51 0.734825
7 52 0
8 0 0
8 1 0
8 2 0
8 3 0.0650349
8 4 0
8 5 0
8 6 0
8 7 0.744835
8 8 0
8 9 0.500381
8 10 0
8 11 0.93054
8 12 0
8 13 0
8 14 0
8 15 0
8 16 0
8 17 0.805109
8 18 0
8 19 0.42024
8 20 0
8 21 0.156438
8 22 0
8 23 0.807764
8 24 0
8 25 0.959136
8 26 0
8 27 0
8 28 0
8 29 0.634022
8 30 0
8 31 0.38786
8 32 0
8 33 0.794336
8 34 0
8 35 0
8 36 0
8 37 0.0607624
8 38 0
8 39 0.83462
8 40 0
8 41 0.201147
8 42 0
8 43 0.314249
8 44 0
8 45 0.00622578
8 46 0
8 47 0
8 48 0
8 49 0
8 50 0
8 51 0.327982
8 52 0
9 0 0
9 1 0.194586
9 2 0.524461
9 3 0.970031
9 4 0.155583
9 5 0.0490127
9 6 0
9 7 0.466933
9 8 0
9 9 0.0724815
9 10 0
9 11 0.716636
9 12 0.786187
9 13 0.91879
9 14 0.955687
9 15 0.665487
9 16 0
9 17 0.200995
9 18 0.720206
9 19 0.923551
9 20 0
9 21 0.116123
9 22 0
9 23 0.373974
9 24 0
9 25 0.862667
9 26 0.803003
9 27 0.684225
9 28 0
9 29 0.669759
9 30 0
9 31 0.117893
9 32 0
9 33 0.181646
9 34 0.398144
9 35 0.128452
9 36 0
9 37 0.489181
9 38 0.179205
9 39 0.0108951
9 40 0
9 41 0.65566
9 42 0.266091
9 43 0.407697
9 44 0.74337
9 45 0.91757
9 46 0.964232
9 47 0.278024
9 48 0
9 49 0.990234
9 50 0.347423
9 51 0.930631
9 52 0
10 0 0
10 1 0.308084
10 2 0
10 3 0
10 4 0
10 5 0
10 6 0
10 7 0.0206305
10 8 0
10 9 0.169744
10 10 0
10 11 0
10 12 0
10 13 0.896695
10 14 0
10 15 0.58919
10 16 0
10 17 0
10 18 0
10 19 0.203711
10 20 0
10 21 0.847987
10 22 0
10 23 0
10 24 0
10 25 0
10 26 0
10 27 0.259651
10 28 0
10 29 0.0669576
10 30 0
10 31 0.790948
10 32 0
10 33 0
10 34 0.862575
10 35 0
10 36 0
10 37 0
10 38 0
10 39 0.373608
10 40 0
10 41 0
10 42 0
10 43 0
10 44 0
10 45 0
10 46 0.792993
10 47 0
10 48 0
10 49 0.78634
10 50 0
10 51 0
10 52 0
11 0 0
11 1 0.225227
11 2 0.631642
11 3 0.803186
11 4 0
11 5 0.936003
11 6 0.635762
11 7 0.62035
11 8 0
11 9 0.779778
11 10 0
11 11 0.367718
11 12 0.687796
11 13 0.127659
11 14 0
11 15 0.152257
11 16 0.912503
11 17 0.0295114
11 18 0
11 19 0.285653
11 20 0
11 21 0.794549
11 22 0
11 23 0.638722
11 24 0.885861
11 25 0.629261
11 26 0.973571
11 27 0.630787
11 28 0
11 29 0.847957
11 30 0
11 31 0.352031
11 32 0
11 33 0.706442
11 34 0.542741
11 35 0.336863
11 36 0
11 37 0.541002
11 38 0.182073
11 39 0.958892
11 40 0.647084
11 41 0.670644
11 42 0.403241
11 43 0.0920743
11 44 0
11 45 0.97644
11 46 0.138279
11 47 0.705771
11 48 0
11 49 0.851375
11 50 0.34846
11 51 0.121616
11 52 0
12 0 0
12 1 0
12 2 0
12 3 0
12 4 0
12 5 0.310984
12 6 0
12 7 0
12 8 0
12 9 0.809595
12 10 0
12 11 0.833949
12 12 0
12 13 0.539781
12 14 0
12 15 0
12 16 0
12 17 0
12 18 0
12 19 0.5674
12 20 0
12 21 0.103214
12 22 0
12 23 0.977142
12 24 0
12 25 0
12 26 0
12 27 0
12 28 0
12 29 0.399182
12 30 0
12 31 0.0383923
12 32 0
12 33 0.794702
12 34 0
12 35 0.833522
12 36 0
12 37 0.305277
12 38 0
12 39 0
12 40 0
12 41 0
12 42 0
12 43 0.091586
12 44 0
12 45 0.728874
12 46 0
12 47 0.525132
12 48 0
12 49 0
12 50 0
12 51 0.421766
12 52 0
13 0 0
13 1 0.146519
13 2 0.415143
13 3 0.719657
13 4 0.658193
13 5 0.236885
13 6 0
13 7 0.965941
13 8 0.939695
13 9 0.36729
13 10 0.0431837
13 11 0.623218
13 12 0
13 13 0.108127
13 14 0
13 15 0.333354
13 16 0.0527665
13 17 0.904233
13 18 0.236518
13 19 0.33311
13 20 0
13 21 0.00253304
13 22 0
13 23 0.897275
13 24 0.661702
13 25 0.0495926
13 26 0.261696
13 27 0.739647
13 28 0
13 29 0.73809
13 30 0
13 31 0.621387
13 32 0.309641
13 33 0.807978
13 34 0
13 35 0.39082
13 36 0.607379
13 37 0.966186
13 38 0.653066
13 39 0.436872
13 40 0
13 41 0.649129
13 42 0.529832
13 43 0.209845
13 44 0
13 45 0.0795923
13 46 0
13 47 0.611499
13 48 0.480667
13 49 0.31428
13 50 0.483749
13 51 0.483291
13 52 0
14 0 0
14 1 0.903531
14 2 0
14 3 0
14 4 0
14 5 0
14 6 0
14 7 0
14 8 0
14 9 0
14 10 0
14 11 0
14 12 0
14 13 0.05768
14 14 0
14 15 0.836482
14 16 0
14 17 0
14 18 0
14 19 0
14 20 0
14 21 0.818751
14 22 0
14 23 0
14 24 0
14 25 0
14 26 0
14 27 0.288736
14 28 0
14 29 0.0108341
14 30 0
14 31 0
14 32 0
14 33 0
14 34 0
14 35 0
14 36 0
14 37 0.801172
14 38 0
14 39 0
14 40 0
14 41 0.00112918
14 42 0
14 43 0.865505
14 44 0
14 45 0.847835
14 46 0
14 47 0
14 48 0
14 49 0
14 50 0
14 51 0.769982
14 52 0
15 0 0
15 1 0.110477
15 2 0
15 3 0.125065
15 4 0.40202
15 5 0.821436
15 6 0.675222
15 7 0.689535
15 8 0.684683
15 9 0.789514
15 10 0.0904874
15 11 0.18247
15 12 0
15 13 0.897763
15 14 0
15 15 0.350047
15 16 0.98352
15 17 0.257973
15 18 0.972106
15 19 0.531236
15 20 0
15 21 0.307382
15 22 0.443922
15 23 0.662374
15 24 0.553972
15 25 0.444716
15 26 0
15 27 0.956175
15 28 0
15 29 0.729759
15 30 0.408734
15 31 0.10239
15 32 0
15 33 0.1395
15 34 0.243721
15 35 0.0748619
15 36 0
15 37 0.278329
15 38 0
15 39 0.692038
15 40 0.534562
15 41 0.788873
15 42 0
15 43 0.0820643
15 44 0
15 45 0.328654
15 46 0.827021
15 47 0.267464
15 48 0.68981
15 49 0.0406507
15 50 0
15 51 0.0871609
15 52 0
16 0 0
16 1 0.292489
16 2 0
16 3 0.215796
16 4 0
16 5 0
16 6 0
16 7 0
16 8 0
16 9 0
16 10 0
16 11 0.606983
16 12 0
16 13 0
16 14 0
16 15 0
16 16 0
16 17 0
16 18 0
16 19 0.113559
16 20 0
16 21 0
16 22 0
16 23 0.562761
16 24 0
16 25 0
16 26 0
16 27 0.780694
16 28 0
16 29 0
16 30 0
16 31 0.513779
16 32 0
16 33 0.403241
16 34 0
16 35 0.220252
16 36 0
16 37 0
16 38 0
16 39 0.558611
16 40 0
16 41 0
16 42 0
16 43 0.938444
16 44 0
16 45 0
16 46 0
16 47 0
16 48 0
16 49 0.824946
16 50 0
16 51 0
16 52 0
17 0 0
17 1 0.956267
17 2 0
17 3 0.0838343
17 4 0.954253
17 5 0.629841
17 6 0.103458
17 7 0.598712
17 8 0
17 9 0.612171
17 10 0
17 11 0.83169
17 12 0.621387
17 13 0.723533
17 14 0.0556352
17 15 0.487014
17 16 0.379772
17 17 0.230171
17 18 0
17 19 0.324839
17 20 0
17 21 0.907376
17 22 0.647755
17 23 0.200568
17 24 0
17 25 0.00680563
17 26 0.334056
17 27 0.193945
17 28 0
17 29 0.350719
17 30 0.387402
17 31 0.107364
17 32 0
17 33 0.904324
17 34 0
17 35 0.802637
17 36 0
17 37 0.261361
17 38 0.860958
17 39 0.32371
17 40 0
17 41 0.0841395
17 42 0.0571917
17 43 0.772881
17 44 0
17 45 0.0277108
17 46 0
17 47 0.639149
17 48 0.432203
17 49 0.404706
17 50 0
17 51 0.230506
17 52 0
18 0 0
18 1 0.628193
18 2 0
18 3 0
18 4 0
18 5 0
18 6 0
18 7 0.995086
18 8 0
18 9 0.159642
18 10 0
18 11 0
18 12 0
18 13 0.535661
18 14 0
18 15 0
18 16 0
18 17 0
18 18 0
18 19 0.301737
18 20 0
18 21 0.311075
18 22 0
18 23 0.890988
18 24 0
18 25 0.235298
18 26 0
18 27 0
18 28 0
18 29 0
18 30 0
18 31 0
18 32 0
18 33 0.727012
18 34 0
18 35 0.847285
18 36 0
18 37 0.69219
18 38 0
18 39 0
18 40 0
18 41 0.0650044
18 42 0
18 43 0
18 44 0
18 45 0.149144
18 46 0
18 47 0.0130314
18 48 0
18 49 0
18 50 0
18 51 0.400189
18 52 0
19 0 0
19 1 0.81933
19 2 0.768975
19 3 0.952666
19 4 0.842341
19 5 0.735313
19 6 0.217475
19 7 0.246132
19 8 0
19 9 0.359142
19 10 0.0498062
19 11 0.509293
19 12 0
19 13 0.174505
19 14 0.633412
19 15 0.636799
19 16 0.755455
19 17 0.705771
19 18 0.357341
19 19 0.130924
19 20 0
19 21 0.417646
19 22 0
19 23 0.857753
19 24 0
19 25 0.768975
19 26 0.443861
19 27 0.384381
19 28 0
19 29 0.594317
19 30 0.588458
19 31 0.0793786
19 32 0
19 33 0.650838
19 34 0
19 35 0.910855
19 36 0.386792
19 37 0.153325
19 38 0
19 39 0.88345
19 40 0
19 41 0.265633
19 42 0
19 43 0.916654
19 44 0.525315
19 45 0.650441
19 46 0
19 47 0.0129704
19 48 0
19 49 0.437819
19 50 0.94763
19 51 0.59978
19 52 0
20 0 0
20 1 0.994659
20 2 0
20 3 0
20 4 0
20 5 0
20 6 0
20 7 0
20 8 0
20 9 0.568011
20 10 0
20 11 0.638112
20 12 0
20 13 0
20 14 0
20 15 0
20 16 0
20 17 0
20 18 0
20 19 0
20 20 0
20 21 0.36549
20 22 0
20 23 0
20 24 0
20 25 0
20 26 0
20 27 0.945891
20 28 0
20 29 0.689993
20 30 0
20 31 0.183142
20 32 0
20 33 0.483779
20 34 0
20 35 0
20 36 0
20 37 0
20 38 0
20 39 0.871792
20 40 0
20 41 0.446974
20 42 0
20 43 0.177007
20 44 0
20 45 0.100162
20 46 0
20 47 0.0510575
20 48 0
20 49 0.357067
20 50 0
20 51 0
20 52 0
21 0 0
21 1 0.503555
21 2 0.749016
21 3 0.822596
21 4 0.0777917
21 5 0.667074
21 6 0.986358
21 7 0.811731
21 8 0.352763
21 9 0.0779443
21 10 0
21 11 0.157567
21 12 0.752159
21 13 0.170782
21 14 0.699881
21 15 0.0813013
21 16 0.559801
21 17 0.169469
21 18 0.964354
21 19 0.930235
21 20 0.814814
21 21 0.813929
21 22 0.359294
21 23 0.0905179
21 24 0.308054
21 25 0.382275
21 26 0.597705
21 27 0.28135
21 28 0.808496
21 29 0.289071
21 30 0
21 31 0.772332
21 32 0.715049
21 33 0.707083
21 34 0
21 35 0
21 36 0.777734
21 37 0.403394
21 38 0.579485
21 39 0.694388
21 40 0.513504
21 41 0.784783
21 42 0.624378
21 43 0.127232
21 44 0
21 45 0.107883
21 46 0
21 47 0.535447
21 48 0.131993
21 49 0.241371
21 50 0.106265
21 51 0.762169
21 52 0
22 0 0
22 1 0
22 2 0
22 3 0
22 4 0
22 5 0
22 6 0
22 7 0
22 8 0
22 9 0
22 10 0
22 11 0
22 12 0
22 13 0
22 14 0
22 15 0
22 16 0
22 17 0
22 18 0
22 19 0
22 20 0
22 21 0
22 22 0
22 23 0
22 24 0
22 25 0
22 26 0
22 27 0
22 28 0
22 29 0
22 30 0
22 31 0
22 32 0
22 33 0
22 34 0
22 35 0
22 36 0
22 37 0
22 38 0
22 39 0
22 40 0
22 41 0
22 42 0
22 43 0
22 44 0
22 45 0
22 46 0
22 47 0
22 48 0
22 49 0
22 50 0
22 51 0
22 52 0
